
Initial population: 
GNOME     FITNESS VALUE
024310 2147483647
024310 2147483647
024310 2147483647
024310 2147483647
024310 2147483647
024310 2147483647
024310 2147483647
024310 2147483647
024310 2147483647
024310 2147483647

Current temp: 10000
Generation: 1
GNOME     FITNESS VALUE 
042310	21
034210	31
021340	2147483647
014320	2147483647
014320	2147483647
014320	2147483647
034210	31
034210	31
034210	31
034210	31

Current temp: 9000.0
Generation: 2
GNOME     FITNESS VALUE 
042130	32
043210	24
043210	24
043210	24
043210	24
043210	24
023140	2147483647
013420	2147483647
014230	2147483647
014230	2147483647

Current temp: 8100.0
Generation: 3
GNOME     FITNESS VALUE 
042310	21
034210	31
034210	31
034210	31
034210	31
042310	21
043120	2147483647
014320	2147483647
013240	21
012430	31

Current temp: 7290.0
Generation: 4
GNOME     FITNESS VALUE 
012340	24
012340	24
031240	32
043210	24
031240	32
043210	24
031240	32
012340	24
042130	32
024310	2147483647

Current temp: 6561.0
Generation: 5
GNOME     FITNESS VALUE 
042310	21
013240	21
034210	31
042310	21
012430	31
034210	31
013240	21
034210	31
042310	21
021340	2147483647
